$ANSIBLE_VAULT;1.1;AES256
31323837656566316433353435626663633863353962306666373939353235363739396565336131
3261363961316539336132643436346436343964326563320a626363373434343034643363383332
37373862613764663534373332343734323533646332343064633962333463666233306436363736
3435303436396634390a383937373363353835633839326465643366623733656139643239313030
64306230613135636665363761383530623536303762626632306334633931623138613637613263
65643434633737386131316532383966383664656334356165646430383538376465313135653931
32346636663965313766636439313034333736613038313938663262653038313432636334373836
35323031303465343064653333633061323361616164626237353339356332613530343463346466
30316339386436616639313763613562663662333961393666656531393466396131396534386533
32613130363030323539346164613463313538626364346463356637633737313536366133363137
63623130383333633731383361326330306431316639353939616534336132383331633134656262
36313230353337366136396263396536633337373439393064656538346365643362383133636161
34373631313166353430356464643738386161313165326537386564663133663739613762656531
64663031333936623039376265343631613539653638366566643634646633636338613630306332
66656133613838343834636466646630653261313162316136343739353266663737346632366461
38353136613634303333343766616561643332666561356461333466326430646539303363623665
62653938313036353437313062393865393437653737623734376136306262613532616232326333
31376336343032663863643838303937616665353863356430633231303331643230356662373465
64393464383830323539653937643934363838636235613462366662356136363666323462336361
65616434393430643933356265336237383064343665616333663862376537633438633130663336
37663566306363613538653238346530333365346634666365356639383966643135323538633039
62663533346337353063373139303566396462396462656562653466313738313535656236386461
31616337616630636431633563613235636431313934616338346235316332316564316433356534
64663533613739323764313835663734616436663561353333376565666166383364643661626238
30303066386339633137636261363965386161663336623665633236613538373735
